spawns:
  default:
    world: 594bf4b5-84bc-44eb-baa4-3a43f494a76f
    world-name: survival
    x: 100.5
    y: 290.0
    z: 100.5
    yaw: 89.81339263916016
    pitch: -0.4513007700443268
